1781105245261 0.00029984375 0
1781105351551 0.00029984375 0
1781105401156 0.000573002984375 1
1781105449837 0.0008161652187500001 2
1781105497778 0.0007740135 3
1781105544818 0.000729018 4
1781105591394 0.0006840224999999999 5
1781105636988 0.0006390269999999999 6
1781105684807 0.0005940314999999999 7
1781105732529 0.0005490359999999999 8
1781105776195 0.0005040404999999999 9
1781105819049 0.000459045 10
1781105858173 0.00041404949999999995 11
1781105900663 0.000369054 12
1781105946164 0.00032405849999999996 13
1781105988832 0.000279063 14
1781106032900 0.0002340675 15
1781106076349 0.00018907199999999995 16
1781106120677 0.00014407650000000002 17
1781106164366 9.908099999999997e-05 18
1781106207805 5.408550000000004e-05 19
