1781105245261 4.00362 0
1781105351551 3.2779 0
1781105401156 2.64489 1
1781105449837 1.79116 2
1781105497778 1.07341 3
1781105544818 0.57795 4
1781105591394 0.29375 5
1781105636988 0.15256 6
1781105684807 0.09018 7
1781105732529 0.06076 8
1781105776195 0.04644 9
1781105819049 0.03989 10
1781105858173 0.03599 11
1781105900663 0.03331 12
1781105946164 0.02995 13
1781105988832 0.02489 14
1781106032900 0.01996 15
1781106076349 0.01792 16
1781106120677 0.01714 17
1781106164366 0.01656 18
1781106207805 0.01622 19
